   	NODAL POINTS FROM THE CAD
    1           1           2          21          20
    2           2           3          22          21
    3           3           4          23          22
    4           4           5          24          23
    5           5           6          25          24
    6           6           7          26          25
    7           7           8          27          26
    8           8           9          28          27
    9           9          10          29          28
   10          10          11          30          29
   11          11          12          31          30
   12          12          13          32          31
   13          13          14          33          32
   14          14          15          34          33
   15          15          16          35          34
   16          16          17          36          35
   17          17          18          37          36
   18          18          19          38          37
   19          20          21          40          39
   20          21          22          41          40
   21          22          23          42          41
   22          23          24          43          42
   23          24          25          44          43
   24          25          26          45          44
   25          26          27          46          45
   26          27          28          47          46
   27          28          29          48          47
   28          29          30          49          48
   29          30          31          50          49
   30          31          32          51          50
   31          32          33          52          51
   32          33          34          53          52
   33          34          35          54          53
   34          35          36          55          54
   35          36          37          56          55
   36          37          38          57          56
   37          39          40          59          58
   38          40          41          60          59
   39          41          42          61          60
   40          42          43          62          61
   41          43          44          63          62
   42          44          45          64          63
   43          45          46          65          64
   44          46          47          66          65
   45          47          48          67          66
   46          48          49          68          67
   47          49          50          69          68
   48          50          51          70          69
   49          51          52          71          70
   50          52          53          72          71
   51          53          54          73          72
   52          54          55          74          73
   53          55          56          75          74
   54          56          57          76          75
   55          58          59          78          77
   56          59          60          79          78
   57          60          61          80          79
   58          61          62          81          80
   59          62          63          82          81
   60          63          64          83          82
   61          64          65          84          83
   62          65          66          85          84
   63          66          67          86          85
   64          67          68          87          86
   65          68          69          88          87
   66          69          70          89          88
   67          70          71          90          89
   68          71          72          91          90
   69          72          73          92          91
   70          73          74          93          92
   71          74          75          94          93
   72          75          76          95          94
   73          77          78          97          96
   74          78          79          98          97
   75          79          80          99          98
   76          80          81         100          99
   77          81          82         101         100
   78          82          83         102         101
   79          83          84         103         102
   80          84          85         104         103
   81          85          86         105         104
   82          86          87         106         105
   83          87          88         107         106
   84          88          89         108         107
   85          89          90         109         108
   86          90          91         110         109
   87          91          92         111         110
   88          92          93         112         111
   89          93          94         113         112
   90          94          95         114         113
   91          96          97         116         115
   92          97          98         117         116
   93          98          99         118         117
   94          99         100         119         118
   95         100         101         120         119
   96         101         102         121         120
   97         102         103         122         121
   98         103         104         123         122
   99         104         105         124         123
  100         105         106         125         124
  101         106         107         126         125
  102         107         108         127         126
  103         108         109         128         127
  104         109         110         129         128
  105         110         111         130         129
  106         111         112         131         130
  107         112         113         132         131
  108         113         114         133         132
  109         115         116         135         134
  110         116         117         136         135
  111         117         118         137         136
  112         118         119         138         137
  113         119         120         139         138
  114         120         121         140         139
  115         121         122         141         140
  116         122         123         142         141
  117         123         124         143         142
  118         124         125         144         143
  119         125         126         145         144
  120         126         127         146         145
  121         127         128         147         146
  122         128         129         148         147
  123         129         130         149         148
  124         130         131         150         149
  125         131         132         151         150
  126         132         133         152         151
  127         134         135         154         153
  128         135         136         155         154
  129         136         137         156         155
  130         137         138         157         156
  131         138         139         158         157
  132         139         140         159         158
  133         140         141         160         159
  134         141         142         161         160
  135         142         143         162         161
  136         143         144         163         162
  137         144         145         164         163
  138         145         146         165         164
  139         146         147         166         165
  140         147         148         167         166
  141         148         149         168         167
  142         149         150         169         168
  143         150         151         170         169
  144         151         152         171         170
  145         153         154         173         172
  146         154         155         174         173
  147         155         156         175         174
  148         156         157         176         175
  149         157         158         177         176
  150         158         159         178         177
  151         159         160         179         178
  152         160         161         180         179
  153         161         162         181         180
  154         162         163         182         181
  155         163         164         183         182
  156         164         165         184         183
  157         165         166         185         184
  158         166         167         186         185
  159         167         168         187         186
  160         168         169         188         187
  161         169         170         189         188
  162         170         171         190         189
  163         172         173         192         191
  164         173         174         193         192
  165         174         175         194         193
  166         175         176         195         194
  167         176         177         196         195
  168         177         178         197         196
  169         178         179         198         197
  170         179         180         199         198
  171         180         181         200         199
  172         181         182         201         200
  173         182         183         202         201
  174         183         184         203         202
  175         184         185         204         203
  176         185         186         205         204
  177         186         187         206         205
  178         187         188         207         206
  179         188         189         208         207
  180         189         190         209         208
  181         191         192         211         210
  182         192         193         212         211
  183         193         194         213         212
  184         194         195         214         213
  185         195         196         215         214
  186         196         197         216         215
  187         197         198         217         216
  188         198         199         218         217
  189         199         200         219         218
  190         200         201         220         219
  191         201         202         221         220
  192         202         203         222         221
  193         203         204         223         222
  194         204         205         224         223
  195         205         206         225         224
  196         206         207         226         225
  197         207         208         227         226
  198         208         209         228         227
  199         210         211         230         229
  200         211         212         231         230
  201         212         213         232         231
  202         213         214         233         232
  203         214         215         234         233
  204         215         216         235         234
  205         216         217         236         235
  206         217         218         237         236
  207         218         219         238         237
  208         219         220         239         238
  209         220         221         240         239
  210         221         222         241         240
  211         222         223         242         241
  212         223         224         243         242
  213         224         225         244         243
  214         225         226         245         244
  215         226         227         246         245
  216         227         228         247         246
  217         229         230         249         248
  218         230         231         250         249
  219         231         232         251         250
  220         232         233         252         251
  221         233         234         253         252
  222         234         235         254         253
  223         235         236         255         254
  224         236         237         256         255
  225         237         238         257         256
  226         238         239         258         257
  227         239         240         259         258
  228         240         241         260         259
  229         241         242         261         260
  230         242         243         262         261
  231         243         244         263         262
  232         244         245         264         263
  233         245         246         265         264
  234         246         247         266         265

    No.        x               y            z
    1        .000000        .000000    1000.000000
    2        .222222        .000000    1000.000000
    3        .444444        .000000    1000.000000
    4        .666667        .000000    1000.000000
    5        .888889        .000000    1000.000000
    6       1.111111        .000000    1000.000000
    7       1.333333        .000000    1000.000000
    8       1.555556        .000000    1000.000000
    9       1.777778        .000000    1000.000000
   10       2.000000        .000000    1000.000000
   11       2.222222        .000000    1000.000000
   12       2.444444        .000000    1000.000000
   13       2.666667        .000000    1000.000000
   14       2.888889        .000000    1000.000000
   15       3.111111        .000000    1000.000000
   16       3.333333        .000000    1000.000000
   17       3.555556        .000000    1000.000000
   18       3.777778        .000000    1000.000000
   19       4.000000        .000000    1000.000000
   20        .000000       1.000000    1000.000000
   21        .222222       1.000000    1000.000000
   22        .444444       1.000000    1000.000000
   23        .666667       1.000000    1000.000000
   24        .888889       1.000000    1000.000000
   25       1.111111       1.000000    1000.000000
   26       1.333333       1.000000    1000.000000
   27       1.555556       1.000000    1000.000000
   28       1.777778       1.000000    1000.000000
   29       2.000000       1.000000    1000.000000
   30       2.222222       1.000000    1000.000000
   31       2.444444       1.000000    1000.000000
   32       2.666667       1.000000    1000.000000
   33       2.888889       1.000000    1000.000000
   34       3.111111       1.000000    1000.000000
   35       3.333333       1.000000    1000.000000
   36       3.555556       1.000000    1000.000000
   37       3.777778       1.000000    1000.000000
   38       4.000000       1.000000    1000.000000
   39        .000000       2.000000    1000.000000
   40        .222222       2.000000    1000.000000
   41        .444444       2.000000    1000.000000
   42        .666667       2.000000    1000.000000
   43        .888889       2.000000    1000.000000
   44       1.111111       2.000000    1000.000000
   45       1.333333       2.000000    1000.000000
   46       1.555556       2.000000    1000.000000
   47       1.777778       2.000000    1000.000000
   48       2.000000       2.000000    1000.000000
   49       2.222222       2.000000    1000.000000
   50       2.444444       2.000000    1000.000000
   51       2.666667       2.000000    1000.000000
   52       2.888889       2.000000    1000.000000
   53       3.111111       2.000000    1000.000000
   54       3.333333       2.000000    1000.000000
   55       3.555556       2.000000    1000.000000
   56       3.777778       2.000000    1000.000000
   57       4.000000       2.000000    1000.000000
   58        .000000       3.000000    1000.000000
   59        .222222       3.000000    1000.000000
   60        .444444       3.000000    1000.000000
   61        .666667       3.000000    1000.000000
   62        .888889       3.000000    1000.000000
   63       1.111111       3.000000    1000.000000
   64       1.333333       3.000000    1000.000000
   65       1.555556       3.000000    1000.000000
   66       1.777778       3.000000    1000.000000
   67       2.000000       3.000000    1000.000000
   68       2.222222       3.000000    1000.000000
   69       2.444444       3.000000    1000.000000
   70       2.666667       3.000000    1000.000000
   71       2.888889       3.000000    1000.000000
   72       3.111111       3.000000    1000.000000
   73       3.333333       3.000000    1000.000000
   74       3.555556       3.000000    1000.000000
   75       3.777778       3.000000    1000.000000
   76       4.000000       3.000000    1000.000000
   77        .000000       4.000000    1000.000000
   78        .222222       4.000000    1000.000000
   79        .444444       4.000000    1000.000000
   80        .666667       4.000000    1000.000000
   81        .888889       4.000000    1000.000000
   82       1.111111       4.000000    1000.000000
   83       1.333333       4.000000    1000.000000
   84       1.555556       4.000000    1000.000000
   85       1.777778       4.000000    1000.000000
   86       2.000000       4.000000    1000.000000
   87       2.222222       4.000000    1000.000000
   88       2.444444       4.000000    1000.000000
   89       2.666667       4.000000    1000.000000
   90       2.888889       4.000000    1000.000000
   91       3.111111       4.000000    1000.000000
   92       3.333333       4.000000    1000.000000
   93       3.555556       4.000000    1000.000000
   94       3.777778       4.000000    1000.000000
   95       4.000000       4.000000    1000.000000
   96        .000000       5.000000    1000.000000
   97        .222222       5.000000    1000.000000
   98        .444444       5.000000    1000.000000
   99        .666667       5.000000    1000.000000
  100        .888889       5.000000    1000.000000
  101       1.111111       5.000000    1000.000000
  102       1.333333       5.000000    1000.000000
  103       1.555556       5.000000    1000.000000
  104       1.777778       5.000000    1000.000000
  105       2.000000       5.000000    1000.000000
  106       2.222222       5.000000    1000.000000
  107       2.444444       5.000000    1000.000000
  108       2.666667       5.000000    1000.000000
  109       2.888889       5.000000    1000.000000
  110       3.111111       5.000000    1000.000000
  111       3.333333       5.000000    1000.000000
  112       3.555556       5.000000    1000.000000
  113       3.777778       5.000000    1000.000000
  114       4.000000       5.000000    1000.000000
  115        .000000       6.000000    1000.000000
  116        .222222       6.000000    1000.000000
  117        .444444       6.000000    1000.000000
  118        .666667       6.000000    1000.000000
  119        .888889       6.000000    1000.000000
  120       1.111111       6.000000    1000.000000
  121       1.333333       6.000000    1000.000000
  122       1.555556       6.000000    1000.000000
  123       1.777778       6.000000    1000.000000
  124       2.000000       6.000000    1000.000000
  125       2.222222       6.000000    1000.000000
  126       2.444444       6.000000    1000.000000
  127       2.666667       6.000000    1000.000000
  128       2.888889       6.000000    1000.000000
  129       3.111111       6.000000    1000.000000
  130       3.333333       6.000000    1000.000000
  131       3.555556       6.000000    1000.000000
  132       3.777778       6.000000    1000.000000
  133       4.000000       6.000000    1000.000000
  134        .000000       7.000000    1000.000000
  135        .222222       7.000000    1000.000000
  136        .444444       7.000000    1000.000000
  137        .666667       7.000000    1000.000000
  138        .888889       7.000000    1000.000000
  139       1.111111       7.000000    1000.000000
  140       1.333333       7.000000    1000.000000
  141       1.555556       7.000000    1000.000000
  142       1.777778       7.000000    1000.000000
  143       2.000000       7.000000    1000.000000
  144       2.222222       7.000000    1000.000000
  145       2.444444       7.000000    1000.000000
  146       2.666667       7.000000    1000.000000
  147       2.888889       7.000000    1000.000000
  148       3.111111       7.000000    1000.000000
  149       3.333333       7.000000    1000.000000
  150       3.555556       7.000000    1000.000000
  151       3.777778       7.000000    1000.000000
  152       4.000000       7.000000    1000.000000
  153        .000000       8.000000    1000.000000
  154        .222222       8.000000    1000.000000
  155        .444444       8.000000    1000.000000
  156        .666667       8.000000    1000.000000
  157        .888889       8.000000    1000.000000
  158       1.111111       8.000000    1000.000000
  159       1.333333       8.000000    1000.000000
  160       1.555556       8.000000    1000.000000
  161       1.777778       8.000000    1000.000000
  162       2.000000       8.000000    1000.000000
  163       2.222222       8.000000    1000.000000
  164       2.444444       8.000000    1000.000000
  165       2.666667       8.000000    1000.000000
  166       2.888889       8.000000    1000.000000
  167       3.111111       8.000000    1000.000000
  168       3.333333       8.000000    1000.000000
  169       3.555556       8.000000    1000.000000
  170       3.777778       8.000000    1000.000000
  171       4.000000       8.000000    1000.000000
  172        .000000       9.000000    1000.000000
  173        .222222       9.000000    1000.000000
  174        .444444       9.000000    1000.000000
  175        .666667       9.000000    1000.000000
  176        .888889       9.000000    1000.000000
  177       1.111111       9.000000    1000.000000
  178       1.333333       9.000000    1000.000000
  179       1.555556       9.000000    1000.000000
  180       1.777778       9.000000    1000.000000
  181       2.000000       9.000000    1000.000000
  182       2.222222       9.000000    1000.000000
  183       2.444444       9.000000    1000.000000
  184       2.666667       9.000000    1000.000000
  185       2.888889       9.000000    1000.000000
  186       3.111111       9.000000    1000.000000
  187       3.333333       9.000000    1000.000000
  188       3.555556       9.000000    1000.000000
  189       3.777778       9.000000    1000.000000
  190       4.000000       9.000000    1000.000000
  191        .000000      10.000000    1000.000000
  192        .222222      10.000000    1000.000000
  193        .444444      10.000000    1000.000000
  194        .666667      10.000000    1000.000000
  195        .888889      10.000000    1000.000000
  196       1.111111      10.000000    1000.000000
  197       1.333333      10.000000    1000.000000
  198       1.555556      10.000000    1000.000000
  199       1.777778      10.000000    1000.000000
  200       2.000000      10.000000    1000.000000
  201       2.222222      10.000000    1000.000000
  202       2.444444      10.000000    1000.000000
  203       2.666667      10.000000    1000.000000
  204       2.888889      10.000000    1000.000000
  205       3.111111      10.000000    1000.000000
  206       3.333333      10.000000    1000.000000
  207       3.555556      10.000000    1000.000000
  208       3.777778      10.000000    1000.000000
  209       4.000000      10.000000    1000.000000
  210        .000000      11.000000    1000.000000
  211        .222222      11.000000    1000.000000
  212        .444444      11.000000    1000.000000
  213        .666667      11.000000    1000.000000
  214        .888889      11.000000    1000.000000
  215       1.111111      11.000000    1000.000000
  216       1.333333      11.000000    1000.000000
  217       1.555556      11.000000    1000.000000
  218       1.777778      11.000000    1000.000000
  219       2.000000      11.000000    1000.000000
  220       2.222222      11.000000    1000.000000
  221       2.444444      11.000000    1000.000000
  222       2.666667      11.000000    1000.000000
  223       2.888889      11.000000    1000.000000
  224       3.111111      11.000000    1000.000000
  225       3.333333      11.000000    1000.000000
  226       3.555556      11.000000    1000.000000
  227       3.777778      11.000000    1000.000000
  228       4.000000      11.000000    1000.000000
  229        .000000      12.000000    1000.000000
  230        .222222      12.000000    1000.000000
  231        .444444      12.000000    1000.000000
  232        .666667      12.000000    1000.000000
  233        .888889      12.000000    1000.000000
  234       1.111111      12.000000    1000.000000
  235       1.333333      12.000000    1000.000000
  236       1.555556      12.000000    1000.000000
  237       1.777778      12.000000    1000.000000
  238       2.000000      12.000000    1000.000000
  239       2.222222      12.000000    1000.000000
  240       2.444444      12.000000    1000.000000
  241       2.666667      12.000000    1000.000000
  242       2.888889      12.000000    1000.000000
  243       3.111111      12.000000    1000.000000
  244       3.333333      12.000000    1000.000000
  245       3.555556      12.000000    1000.000000
  246       3.777778      12.000000    1000.000000
  247       4.000000      12.000000    1000.000000
  248        .000000      13.000000    1000.000000
  249        .222222      13.000000    1000.000000
  250        .444444      13.000000    1000.000000
  251        .666667      13.000000    1000.000000
  252        .888889      13.000000    1000.000000
  253       1.111111      13.000000    1000.000000
  254       1.333333      13.000000    1000.000000
  255       1.555556      13.000000    1000.000000
  256       1.777778      13.000000    1000.000000
  257       2.000000      13.000000    1000.000000
  258       2.222222      13.000000    1000.000000
  259       2.444444      13.000000    1000.000000
  260       2.666667      13.000000    1000.000000
  261       2.888889      13.000000    1000.000000
  262       3.111111      13.000000    1000.000000
  263       3.333333      13.000000    1000.000000
  264       3.555556      13.000000    1000.000000
  265       3.777778      13.000000    1000.000000
  266       4.000000      13.000000    1000.000000
