Span: 4.00Chord: 0.80
 Alpha vs. CL
  0.572957754      0.198498681    
   1.14591551      0.239887983    
   1.71887338      0.281236321    
   2.29183102      0.322541863    
   2.86478853      0.363801956    
   3.43774652      0.405014336    
   4.01070404      0.446177065    
   4.58366203      0.487288028    
   5.15661955      0.528344631    
   5.72957706      0.569345415    
   6.30253458      0.610287130    
   6.87549210      0.651169479    
   7.44844961      0.691989064    
   8.02140808      0.732743561    
   8.59436607      0.773431420    
   9.16732407      0.814051092    
   9.74028206      0.854600012    
   10.3132401      0.895076513    
   10.8861980      0.935477734    
   11.4591570      0.975803077    
   12.0321140       1.01605034    
   12.6050730       1.05621564    
   13.1780310       1.09629929    
   13.7509890       1.13629889    
   14.3239460       1.17621219    
   14.8969030       1.21603775    
   15.4698610       1.25577354    
   16.0428181       1.29541755    
   16.6157742       1.33496690    
   17.1887321       1.37442231    
   17.7616901       1.41377997    
   18.3346481       1.45303893    
   18.9076042       1.49219739    
   19.4805603       1.53125250    
   20.0535183       1.57020366    
   20.6264763       1.60904956    
   21.1994324       1.64778662    
   21.7723904       1.68641520    
   22.3453484       1.72493160    
   22.9183044       1.76333666    
   23.4912624       1.80162752    
