S.Span: 1.40 Avg.Chord: 1.00
Lambda: 53.0 Phi:  0.0 H.G.: 1000.0
 Alpha vs. CD
  0.572957754       7.68094847E-04
   1.14591551       1.19272468E-03
   1.71887338       1.67163857E-03
   2.29183102       2.20744917E-03
   2.86478853       2.79171858E-03
   3.43774652       3.43476492E-03
   4.01070404       4.12966730E-03
   4.58366203       4.86846734E-03
   5.15661955       5.66149130E-03
   5.72957706       6.50483463E-03
   6.30253458       7.40175927E-03
   6.87549210       8.34914390E-03
   7.44844961       9.33173858E-03
   8.02140808       1.03785964E-02
   8.59436607       1.14687774E-02
   9.16732407       1.26030557E-02
   9.74028206       1.37784639E-02
   10.3132401       1.50068626E-02
   10.8861980       1.62701793E-02
   11.4591570       1.75906718E-02
   12.0321140       1.89485177E-02
   12.6050730       2.03368217E-02
   13.1780310       2.17749849E-02
   13.7509890       2.32537258E-02
   14.3239460       2.47621331E-02
   14.8969030       2.63228510E-02
   15.4698610       2.79063508E-02
   16.0428181       2.95366738E-02
   16.6157742       3.11917067E-02
   17.1887321       3.28893103E-02
   17.7616901       3.46235484E-02
   18.3346481       3.63766700E-02
   18.9076042       3.81684415E-02
   19.4805603       3.99924517E-02
   20.0535183       4.18387465E-02
   20.6264763       4.37154844E-02
   21.1994324       4.56231274E-02
   21.7723904       4.75570448E-02
   22.3453484       4.94881496E-02
   22.9183044       5.14942147E-02
   23.4912624       5.35018817E-02
