S.Span: 1.40 Avg.Chord: 1.00
Alpha:  0.0 Lambda: 53.0 Phi    0.0
 Height above ground vs. CD
  0.250000000       6.31073708E-05
  0.449999988       1.60221360E-04
  0.649999976       2.18570087E-04
  0.849999964       2.58289423E-04
   1.04999995       2.86822149E-04
   1.25000000       3.07912356E-04
   1.45000005       3.23820044E-04
   1.65000010       3.36027617E-04
   1.85000014       3.45544977E-04
   2.05000019       3.53070616E-04
   2.25000024       3.59105732E-04
   2.45000029       3.64004751E-04
   2.65000033       3.68028093E-04
   2.85000038       3.71365488E-04
   3.05000043       3.74161871E-04
   3.25000048       3.76524986E-04
   3.45000052       3.78539116E-04
   3.65000057       3.80267535E-04
   3.85000062       3.81761696E-04
   4.05000067       3.83061270E-04
   4.25000048       3.84198182E-04
   4.45000029       3.85198189E-04
   4.65000010       3.86082276E-04
   4.84999990       3.86867818E-04
   5.04999971       3.87567939E-04
   5.24999952       3.88194981E-04
   5.44999933       3.88758403E-04
   5.64999914       3.89267225E-04
   5.84999895       3.89727124E-04
   6.04999876       3.90145113E-04
   6.24999857       3.90526257E-04
   6.44999838       3.90873145E-04
   6.64999819       3.91192181E-04
   6.84999800       3.91483220E-04
   7.04999781       3.91751993E-04
   7.24999762       3.91999230E-04
   7.44999743       3.92228510E-04
   7.64999723       3.92440066E-04
   7.84999704       3.92635644E-04
   8.04999733       3.92825023E-04
