S.Span: 0.50 Avg.Chord: 0.20
Alpha:  5.0 Lambda: 45.0 Phi:    0.0
 Height above ground vs. CL
  0.250000000      0.321498424    
  0.449999988      0.308768034    
  0.649999976      0.304726005    
  0.849999964      0.302946419    
   1.04999995      0.302026838    
   1.25000000      0.301497549    
   1.45000005      0.301167756    
   1.65000010      0.300949365    
   1.85000014      0.300797760    
   2.05000019      0.300687879    
   2.25000024      0.300606847    
   2.45000029      0.300544709    
   2.65000033      0.300496221    
   2.85000038      0.300457686    
   3.05000043      0.300426543    
   3.25000048      0.300401062    
   3.45000052      0.300379902    
   3.65000057      0.300362170    
   3.85000062      0.300347179    
   4.05000067      0.300334573    
   4.25000048      0.300323516    
   4.45000029      0.300313920    
   4.65000010      0.300305635    
   4.84999990      0.300298274    
   5.04999971      0.300291806    
   5.24999952      0.300286084    
   5.44999933      0.300280958    
   5.64999914      0.300276399    
   5.84999895      0.300272316    
   6.04999876      0.300268620    
   6.24999857      0.300265223    
   6.44999838      0.300262243    
   6.64999819      0.300259411    
   6.84999800      0.300256878    
   7.04999781      0.300254554    
   7.24999762      0.300252438    
   7.44999743      0.300250530    
   7.64999723      0.300248682    
   7.84999704      0.300246984    
   8.04999733      0.300245851    
