  0.974488795       0.00000000      0.223696649    
  0.954690099       0.00000000      0.218994737    
  0.934928775       0.00000000      0.214275032    
  0.915204048       0.00000000      0.209535003    
  0.895515561       0.00000000      0.204772457    
  0.875862598       0.00000000      0.199985415    
  0.856244683       0.00000000      0.195172191    
  0.836661160       0.00000000      0.190331295    
  0.817111671       0.00000000      0.185461625    
  0.797595263       0.00000000      0.180562258    
  0.778111637       0.00000000      0.175632536    
  0.758660078       0.00000000      0.170672193    
  0.739239872       0.00000000      0.165681183    
  0.719850242       0.00000000      0.160659671    
  0.700490355       0.00000000      0.155608192    
  0.681159556       0.00000000      0.150527656    
  0.661856711       0.00000000      0.145419091    
  0.642580926       0.00000000      0.140284017    
  0.623331189       0.00000000      0.135124162    
  0.604106247       0.00000000      0.129941642    
  0.584904790       0.00000000      0.124738850    
  0.565725446       0.00000000      0.119518638    
  0.546566784       0.00000000      0.114284143    
  0.527426958       0.00000000      0.109038889    
  0.508304358       0.00000000      0.103786878    
  0.489196926       0.00000000       9.85324681E-02
  0.470102489       0.00000000       9.32804793E-02
  0.451018661       0.00000000       8.80363062E-02
  0.431942910       0.00000000       8.28058124E-02
  0.412872374       0.00000000       7.75954872E-02
  0.393803895       0.00000000       7.24124238E-02
  0.375063896       0.00000000       6.72860444E-02
  0.356348485       0.00000000       6.21011928E-02
  0.337651044       0.00000000       5.68670481E-02
  0.318964183       0.00000000       5.15936837E-02
  0.300279737       0.00000000       4.62923348E-02
  0.281588674       0.00000000       4.09756415E-02
  0.262880713       0.00000000       3.56579274E-02
  0.244144276       0.00000000       3.03556789E-02
  0.225366130       0.00000000       2.50881277E-02
  0.206530824       0.00000000       1.98781043E-02
  0.187620193       0.00000000       1.47534497E-02
  0.168612197       0.00000000       9.74877179E-03
  0.149479479       0.00000000       4.90870513E-03
  0.130186751       0.00000000       2.93118879E-04
  0.110686161       0.00000000      -4.01351973E-03
   9.09083709E-02   0.00000000      -7.88345188E-03
   7.07425922E-02   0.00000000      -1.11039886E-02
   4.99825850E-02   0.00000000      -1.32630020E-02
   2.81170197E-02   0.00000000      -1.32989231E-02
   0.00000000       0.00000000       0.00000000    
   9.10316408E-03   0.00000000       2.98970528E-02
   2.45477632E-02   0.00000000       4.60695103E-02
   4.11878973E-02   0.00000000       5.97291291E-02
   5.85122444E-02   0.00000000       7.19374716E-02
   7.63145536E-02   0.00000000       8.31066743E-02
   9.44840610E-02   0.00000000       9.34494212E-02
  0.112951398       0.00000000      0.103093483    
  0.131668732       0.00000000      0.112123311    
  0.150600761       0.00000000      0.120598763    
  0.169720113       0.00000000      0.128564507    
  0.189004824       0.00000000      0.136055142    
  0.208436623       0.00000000      0.143098488    
  0.228000134       0.00000000      0.149717391    
  0.247682124       0.00000000      0.155931085    
  0.267470926       0.00000000      0.161756039    
  0.287356406       0.00000000      0.167206615    
  0.307329446       0.00000000      0.172295421    
  0.327381819       0.00000000      0.177033663    
  0.347506255       0.00000000      0.181431472    
  0.367696047       0.00000000      0.185498014    
  0.387622386       0.00000000      0.189226389    
  0.407586634       0.00000000      0.192754269    
  0.427585632       0.00000000      0.196088761    
  0.447616577       0.00000000      0.199236363    
  0.467676938       0.00000000      0.202202931    
  0.487764239       0.00000000      0.204993829    
  0.507876337       0.00000000      0.207613915    
  0.528011322       0.00000000      0.210067540    
  0.548167408       0.00000000      0.212358713    
  0.568342686       0.00000000      0.214490920    
  0.588536084       0.00000000      0.216467381    
  0.608745754       0.00000000      0.218290865    
  0.628970683       0.00000000      0.219963774    
  0.649209619       0.00000000      0.221488267    
  0.669461489       0.00000000      0.222866029    
  0.689725280       0.00000000      0.224098578    
  0.710000098       0.00000000      0.225187019    
  0.730285108       0.00000000      0.226132154    
  0.750579476       0.00000000      0.226934582    
  0.770882487       0.00000000      0.227594465    
  0.791193545       0.00000000      0.228111789    
  0.811511815       0.00000000      0.228486180    
  0.831836879       0.00000000      0.228717074    
  0.852167964       0.00000000      0.228803530    
  0.872504592       0.00000000      0.228744403    
  0.892846286       0.00000000      0.228538275    
  0.913192332       0.00000000      0.228183419    
  0.933542192       0.00000000      0.227677837    
  0.953895390       0.00000000      0.227019370    
  0.974251330       0.00000000      0.226205468    
  0.974488795       1.14285719      0.223696649    
  0.954690099       1.14285719      0.218994737    
  0.934928775       1.14285719      0.214275032    
  0.915204048       1.14285719      0.209535003    
  0.895515561       1.14285719      0.204772457    
  0.875862598       1.14285719      0.199985415    
  0.856244683       1.14285719      0.195172191    
  0.836661160       1.14285719      0.190331295    
  0.817111671       1.14285719      0.185461625    
  0.797595263       1.14285719      0.180562258    
  0.778111637       1.14285719      0.175632536    
  0.758660078       1.14285719      0.170672193    
  0.739239872       1.14285719      0.165681183    
  0.719850242       1.14285719      0.160659671    
  0.700490355       1.14285719      0.155608192    
  0.681159556       1.14285719      0.150527656    
  0.661856711       1.14285719      0.145419091    
  0.642580926       1.14285719      0.140284017    
  0.623331189       1.14285719      0.135124162    
  0.604106247       1.14285719      0.129941642    
  0.584904790       1.14285719      0.124738850    
  0.565725446       1.14285719      0.119518638    
  0.546566784       1.14285719      0.114284143    
  0.527426958       1.14285719      0.109038889    
  0.508304358       1.14285719      0.103786878    
  0.489196926       1.14285719       9.85324681E-02
  0.470102489       1.14285719       9.32804793E-02
  0.451018661       1.14285719       8.80363062E-02
  0.431942910       1.14285719       8.28058124E-02
  0.412872374       1.14285719       7.75954872E-02
  0.393803895       1.14285719       7.24124238E-02
  0.375063896       1.14285719       6.72860444E-02
  0.356348485       1.14285719       6.21011928E-02
  0.337651044       1.14285719       5.68670481E-02
  0.318964183       1.14285719       5.15936837E-02
  0.300279737       1.14285719       4.62923348E-02
  0.281588674       1.14285719       4.09756415E-02
  0.262880713       1.14285719       3.56579274E-02
  0.244144276       1.14285719       3.03556789E-02
  0.225366130       1.14285719       2.50881277E-02
  0.206530824       1.14285719       1.98781043E-02
  0.187620193       1.14285719       1.47534497E-02
  0.168612197       1.14285719       9.74877179E-03
  0.149479479       1.14285719       4.90870513E-03
  0.130186751       1.14285719       2.93118879E-04
  0.110686161       1.14285719      -4.01351973E-03
   9.09083709E-02   1.14285719      -7.88345188E-03
   7.07425922E-02   1.14285719      -1.11039886E-02
   4.99825850E-02   1.14285719      -1.32630020E-02
   2.81170197E-02   1.14285719      -1.32989231E-02
   0.00000000       1.14285719       0.00000000    
   9.10316408E-03   1.14285719       2.98970528E-02
   2.45477632E-02   1.14285719       4.60695103E-02
   4.11878973E-02   1.14285719       5.97291291E-02
   5.85122444E-02   1.14285719       7.19374716E-02
   7.63145536E-02   1.14285719       8.31066743E-02
   9.44840610E-02   1.14285719       9.34494212E-02
  0.112951398       1.14285719      0.103093483    
  0.131668732       1.14285719      0.112123311    
  0.150600761       1.14285719      0.120598763    
  0.169720113       1.14285719      0.128564507    
  0.189004824       1.14285719      0.136055142    
  0.208436623       1.14285719      0.143098488    
  0.228000134       1.14285719      0.149717391    
  0.247682124       1.14285719      0.155931085    
  0.267470926       1.14285719      0.161756039    
  0.287356406       1.14285719      0.167206615    
  0.307329446       1.14285719      0.172295421    
  0.327381819       1.14285719      0.177033663    
  0.347506255       1.14285719      0.181431472    
  0.367696047       1.14285719      0.185498014    
  0.387622386       1.14285719      0.189226389    
  0.407586634       1.14285719      0.192754269    
  0.427585632       1.14285719      0.196088761    
  0.447616577       1.14285719      0.199236363    
  0.467676938       1.14285719      0.202202931    
  0.487764239       1.14285719      0.204993829    
  0.507876337       1.14285719      0.207613915    
  0.528011322       1.14285719      0.210067540    
  0.548167408       1.14285719      0.212358713    
  0.568342686       1.14285719      0.214490920    
  0.588536084       1.14285719      0.216467381    
  0.608745754       1.14285719      0.218290865    
  0.628970683       1.14285719      0.219963774    
  0.649209619       1.14285719      0.221488267    
  0.669461489       1.14285719      0.222866029    
  0.689725280       1.14285719      0.224098578    
  0.710000098       1.14285719      0.225187019    
  0.730285108       1.14285719      0.226132154    
  0.750579476       1.14285719      0.226934582    
  0.770882487       1.14285719      0.227594465    
  0.791193545       1.14285719      0.228111789    
  0.811511815       1.14285719      0.228486180    
  0.831836879       1.14285719      0.228717074    
  0.852167964       1.14285719      0.228803530    
  0.872504592       1.14285719      0.228744403    
  0.892846286       1.14285719      0.228538275    
  0.913192332       1.14285719      0.228183419    
  0.933542192       1.14285719      0.227677837    
  0.953895390       1.14285719      0.227019370    
  0.974251330       1.14285719      0.226205468    
  0.974488795       2.28571439      0.223696649    
  0.954690099       2.28571439      0.218994737    
  0.934928775       2.28571439      0.214275032    
  0.915204048       2.28571439      0.209535003    
  0.895515561       2.28571439      0.204772457    
  0.875862598       2.28571439      0.199985415    
  0.856244683       2.28571439      0.195172191    
  0.836661160       2.28571439      0.190331295    
  0.817111671       2.28571439      0.185461625    
  0.797595263       2.28571439      0.180562258    
  0.778111637       2.28571439      0.175632536    
  0.758660078       2.28571439      0.170672193    
  0.739239872       2.28571439      0.165681183    
  0.719850242       2.28571439      0.160659671    
  0.700490355       2.28571439      0.155608192    
  0.681159556       2.28571439      0.150527656    
  0.661856711       2.28571439      0.145419091    
  0.642580926       2.28571439      0.140284017    
  0.623331189       2.28571439      0.135124162    
  0.604106247       2.28571439      0.129941642    
  0.584904790       2.28571439      0.124738850    
  0.565725446       2.28571439      0.119518638    
  0.546566784       2.28571439      0.114284143    
  0.527426958       2.28571439      0.109038889    
  0.508304358       2.28571439      0.103786878    
  0.489196926       2.28571439       9.85324681E-02
  0.470102489       2.28571439       9.32804793E-02
  0.451018661       2.28571439       8.80363062E-02
  0.431942910       2.28571439       8.28058124E-02
  0.412872374       2.28571439       7.75954872E-02
  0.393803895       2.28571439       7.24124238E-02
  0.375063896       2.28571439       6.72860444E-02
  0.356348485       2.28571439       6.21011928E-02
  0.337651044       2.28571439       5.68670481E-02
  0.318964183       2.28571439       5.15936837E-02
  0.300279737       2.28571439       4.62923348E-02
  0.281588674       2.28571439       4.09756415E-02
  0.262880713       2.28571439       3.56579274E-02
  0.244144276       2.28571439       3.03556789E-02
  0.225366130       2.28571439       2.50881277E-02
  0.206530824       2.28571439       1.98781043E-02
  0.187620193       2.28571439       1.47534497E-02
  0.168612197       2.28571439       9.74877179E-03
  0.149479479       2.28571439       4.90870513E-03
  0.130186751       2.28571439       2.93118879E-04
  0.110686161       2.28571439      -4.01351973E-03
   9.09083709E-02   2.28571439      -7.88345188E-03
   7.07425922E-02   2.28571439      -1.11039886E-02
   4.99825850E-02   2.28571439      -1.32630020E-02
   2.81170197E-02   2.28571439      -1.32989231E-02
   0.00000000       2.28571439       0.00000000    
   9.10316408E-03   2.28571439       2.98970528E-02
   2.45477632E-02   2.28571439       4.60695103E-02
   4.11878973E-02   2.28571439       5.97291291E-02
   5.85122444E-02   2.28571439       7.19374716E-02
   7.63145536E-02   2.28571439       8.31066743E-02
   9.44840610E-02   2.28571439       9.34494212E-02
  0.112951398       2.28571439      0.103093483    
  0.131668732       2.28571439      0.112123311    
  0.150600761       2.28571439      0.120598763    
  0.169720113       2.28571439      0.128564507    
  0.189004824       2.28571439      0.136055142    
  0.208436623       2.28571439      0.143098488    
  0.228000134       2.28571439      0.149717391    
  0.247682124       2.28571439      0.155931085    
  0.267470926       2.28571439      0.161756039    
  0.287356406       2.28571439      0.167206615    
  0.307329446       2.28571439      0.172295421    
  0.327381819       2.28571439      0.177033663    
  0.347506255       2.28571439      0.181431472    
  0.367696047       2.28571439      0.185498014    
  0.387622386       2.28571439      0.189226389    
  0.407586634       2.28571439      0.192754269    
  0.427585632       2.28571439      0.196088761    
  0.447616577       2.28571439      0.199236363    
  0.467676938       2.28571439      0.202202931    
  0.487764239       2.28571439      0.204993829    
  0.507876337       2.28571439      0.207613915    
  0.528011322       2.28571439      0.210067540    
  0.548167408       2.28571439      0.212358713    
  0.568342686       2.28571439      0.214490920    
  0.588536084       2.28571439      0.216467381    
  0.608745754       2.28571439      0.218290865    
  0.628970683       2.28571439      0.219963774    
  0.649209619       2.28571439      0.221488267    
  0.669461489       2.28571439      0.222866029    
  0.689725280       2.28571439      0.224098578    
  0.710000098       2.28571439      0.225187019    
  0.730285108       2.28571439      0.226132154    
  0.750579476       2.28571439      0.226934582    
  0.770882487       2.28571439      0.227594465    
  0.791193545       2.28571439      0.228111789    
  0.811511815       2.28571439      0.228486180    
  0.831836879       2.28571439      0.228717074    
  0.852167964       2.28571439      0.228803530    
  0.872504592       2.28571439      0.228744403    
  0.892846286       2.28571439      0.228538275    
  0.913192332       2.28571439      0.228183419    
  0.933542192       2.28571439      0.227677837    
  0.953895390       2.28571439      0.227019370    
  0.974251330       2.28571439      0.226205468    
  0.974488795       3.42857170      0.223696649    
  0.954690099       3.42857170      0.218994737    
  0.934928775       3.42857170      0.214275032    
  0.915204048       3.42857170      0.209535003    
  0.895515561       3.42857170      0.204772457    
  0.875862598       3.42857170      0.199985415    
  0.856244683       3.42857170      0.195172191    
  0.836661160       3.42857170      0.190331295    
  0.817111671       3.42857170      0.185461625    
  0.797595263       3.42857170      0.180562258    
  0.778111637       3.42857170      0.175632536    
  0.758660078       3.42857170      0.170672193    
  0.739239872       3.42857170      0.165681183    
  0.719850242       3.42857170      0.160659671    
  0.700490355       3.42857170      0.155608192    
  0.681159556       3.42857170      0.150527656    
  0.661856711       3.42857170      0.145419091    
  0.642580926       3.42857170      0.140284017    
  0.623331189       3.42857170      0.135124162    
  0.604106247       3.42857170      0.129941642    
  0.584904790       3.42857170      0.124738850    
  0.565725446       3.42857170      0.119518638    
  0.546566784       3.42857170      0.114284143    
  0.527426958       3.42857170      0.109038889    
  0.508304358       3.42857170      0.103786878    
  0.489196926       3.42857170       9.85324681E-02
  0.470102489       3.42857170       9.32804793E-02
  0.451018661       3.42857170       8.80363062E-02
  0.431942910       3.42857170       8.28058124E-02
  0.412872374       3.42857170       7.75954872E-02
  0.393803895       3.42857170       7.24124238E-02
  0.375063896       3.42857170       6.72860444E-02
  0.356348485       3.42857170       6.21011928E-02
  0.337651044       3.42857170       5.68670481E-02
  0.318964183       3.42857170       5.15936837E-02
  0.300279737       3.42857170       4.62923348E-02
  0.281588674       3.42857170       4.09756415E-02
  0.262880713       3.42857170       3.56579274E-02
  0.244144276       3.42857170       3.03556789E-02
  0.225366130       3.42857170       2.50881277E-02
  0.206530824       3.42857170       1.98781043E-02
  0.187620193       3.42857170       1.47534497E-02
  0.168612197       3.42857170       9.74877179E-03
  0.149479479       3.42857170       4.90870513E-03
  0.130186751       3.42857170       2.93118879E-04
  0.110686161       3.42857170      -4.01351973E-03
   9.09083709E-02   3.42857170      -7.88345188E-03
   7.07425922E-02   3.42857170      -1.11039886E-02
   4.99825850E-02   3.42857170      -1.32630020E-02
   2.81170197E-02   3.42857170      -1.32989231E-02
   0.00000000       3.42857170       0.00000000    
   9.10316408E-03   3.42857170       2.98970528E-02
   2.45477632E-02   3.42857170       4.60695103E-02
   4.11878973E-02   3.42857170       5.97291291E-02
   5.85122444E-02   3.42857170       7.19374716E-02
   7.63145536E-02   3.42857170       8.31066743E-02
   9.44840610E-02   3.42857170       9.34494212E-02
  0.112951398       3.42857170      0.103093483    
  0.131668732       3.42857170      0.112123311    
  0.150600761       3.42857170      0.120598763    
  0.169720113       3.42857170      0.128564507    
  0.189004824       3.42857170      0.136055142    
  0.208436623       3.42857170      0.143098488    
  0.228000134       3.42857170      0.149717391    
  0.247682124       3.42857170      0.155931085    
  0.267470926       3.42857170      0.161756039    
  0.287356406       3.42857170      0.167206615    
  0.307329446       3.42857170      0.172295421    
  0.327381819       3.42857170      0.177033663    
  0.347506255       3.42857170      0.181431472    
  0.367696047       3.42857170      0.185498014    
  0.387622386       3.42857170      0.189226389    
  0.407586634       3.42857170      0.192754269    
  0.427585632       3.42857170      0.196088761    
  0.447616577       3.42857170      0.199236363    
  0.467676938       3.42857170      0.202202931    
  0.487764239       3.42857170      0.204993829    
  0.507876337       3.42857170      0.207613915    
  0.528011322       3.42857170      0.210067540    
  0.548167408       3.42857170      0.212358713    
  0.568342686       3.42857170      0.214490920    
  0.588536084       3.42857170      0.216467381    
  0.608745754       3.42857170      0.218290865    
  0.628970683       3.42857170      0.219963774    
  0.649209619       3.42857170      0.221488267    
  0.669461489       3.42857170      0.222866029    
  0.689725280       3.42857170      0.224098578    
  0.710000098       3.42857170      0.225187019    
  0.730285108       3.42857170      0.226132154    
  0.750579476       3.42857170      0.226934582    
  0.770882487       3.42857170      0.227594465    
  0.791193545       3.42857170      0.228111789    
  0.811511815       3.42857170      0.228486180    
  0.831836879       3.42857170      0.228717074    
  0.852167964       3.42857170      0.228803530    
  0.872504592       3.42857170      0.228744403    
  0.892846286       3.42857170      0.228538275    
  0.913192332       3.42857170      0.228183419    
  0.933542192       3.42857170      0.227677837    
  0.953895390       3.42857170      0.227019370    
  0.974251330       3.42857170      0.226205468    
  0.974488795       4.57142878      0.223696649    
  0.954690099       4.57142878      0.218994737    
  0.934928775       4.57142878      0.214275032    
  0.915204048       4.57142878      0.209535003    
  0.895515561       4.57142878      0.204772457    
  0.875862598       4.57142878      0.199985415    
  0.856244683       4.57142878      0.195172191    
  0.836661160       4.57142878      0.190331295    
  0.817111671       4.57142878      0.185461625    
  0.797595263       4.57142878      0.180562258    
  0.778111637       4.57142878      0.175632536    
  0.758660078       4.57142878      0.170672193    
  0.739239872       4.57142878      0.165681183    
  0.719850242       4.57142878      0.160659671    
  0.700490355       4.57142878      0.155608192    
  0.681159556       4.57142878      0.150527656    
  0.661856711       4.57142878      0.145419091    
  0.642580926       4.57142878      0.140284017    
  0.623331189       4.57142878      0.135124162    
  0.604106247       4.57142878      0.129941642    
  0.584904790       4.57142878      0.124738850    
  0.565725446       4.57142878      0.119518638    
  0.546566784       4.57142878      0.114284143    
  0.527426958       4.57142878      0.109038889    
  0.508304358       4.57142878      0.103786878    
  0.489196926       4.57142878       9.85324681E-02
  0.470102489       4.57142878       9.32804793E-02
  0.451018661       4.57142878       8.80363062E-02
  0.431942910       4.57142878       8.28058124E-02
  0.412872374       4.57142878       7.75954872E-02
  0.393803895       4.57142878       7.24124238E-02
  0.375063896       4.57142878       6.72860444E-02
  0.356348485       4.57142878       6.21011928E-02
  0.337651044       4.57142878       5.68670481E-02
  0.318964183       4.57142878       5.15936837E-02
  0.300279737       4.57142878       4.62923348E-02
  0.281588674       4.57142878       4.09756415E-02
  0.262880713       4.57142878       3.56579274E-02
  0.244144276       4.57142878       3.03556789E-02
  0.225366130       4.57142878       2.50881277E-02
  0.206530824       4.57142878       1.98781043E-02
  0.187620193       4.57142878       1.47534497E-02
  0.168612197       4.57142878       9.74877179E-03
  0.149479479       4.57142878       4.90870513E-03
  0.130186751       4.57142878       2.93118879E-04
  0.110686161       4.57142878      -4.01351973E-03
   9.09083709E-02   4.57142878      -7.88345188E-03
   7.07425922E-02   4.57142878      -1.11039886E-02
   4.99825850E-02   4.57142878      -1.32630020E-02
   2.81170197E-02   4.57142878      -1.32989231E-02
   0.00000000       4.57142878       0.00000000    
   9.10316408E-03   4.57142878       2.98970528E-02
   2.45477632E-02   4.57142878       4.60695103E-02
   4.11878973E-02   4.57142878       5.97291291E-02
   5.85122444E-02   4.57142878       7.19374716E-02
   7.63145536E-02   4.57142878       8.31066743E-02
   9.44840610E-02   4.57142878       9.34494212E-02
  0.112951398       4.57142878      0.103093483    
  0.131668732       4.57142878      0.112123311    
  0.150600761       4.57142878      0.120598763    
  0.169720113       4.57142878      0.128564507    
  0.189004824       4.57142878      0.136055142    
  0.208436623       4.57142878      0.143098488    
  0.228000134       4.57142878      0.149717391    
  0.247682124       4.57142878      0.155931085    
  0.267470926       4.57142878      0.161756039    
  0.287356406       4.57142878      0.167206615    
  0.307329446       4.57142878      0.172295421    
  0.327381819       4.57142878      0.177033663    
  0.347506255       4.57142878      0.181431472    
  0.367696047       4.57142878      0.185498014    
  0.387622386       4.57142878      0.189226389    
  0.407586634       4.57142878      0.192754269    
  0.427585632       4.57142878      0.196088761    
  0.447616577       4.57142878      0.199236363    
  0.467676938       4.57142878      0.202202931    
  0.487764239       4.57142878      0.204993829    
  0.507876337       4.57142878      0.207613915    
  0.528011322       4.57142878      0.210067540    
  0.548167408       4.57142878      0.212358713    
  0.568342686       4.57142878      0.214490920    
  0.588536084       4.57142878      0.216467381    
  0.608745754       4.57142878      0.218290865    
  0.628970683       4.57142878      0.219963774    
  0.649209619       4.57142878      0.221488267    
  0.669461489       4.57142878      0.222866029    
  0.689725280       4.57142878      0.224098578    
  0.710000098       4.57142878      0.225187019    
  0.730285108       4.57142878      0.226132154    
  0.750579476       4.57142878      0.226934582    
  0.770882487       4.57142878      0.227594465    
  0.791193545       4.57142878      0.228111789    
  0.811511815       4.57142878      0.228486180    
  0.831836879       4.57142878      0.228717074    
  0.852167964       4.57142878      0.228803530    
  0.872504592       4.57142878      0.228744403    
  0.892846286       4.57142878      0.228538275    
  0.913192332       4.57142878      0.228183419    
  0.933542192       4.57142878      0.227677837    
  0.953895390       4.57142878      0.227019370    
  0.974251330       4.57142878      0.226205468    
  0.974488795       5.71428585      0.223696649    
  0.954690099       5.71428585      0.218994737    
  0.934928775       5.71428585      0.214275032    
  0.915204048       5.71428585      0.209535003    
  0.895515561       5.71428585      0.204772457    
  0.875862598       5.71428585      0.199985415    
  0.856244683       5.71428585      0.195172191    
  0.836661160       5.71428585      0.190331295    
  0.817111671       5.71428585      0.185461625    
  0.797595263       5.71428585      0.180562258    
  0.778111637       5.71428585      0.175632536    
  0.758660078       5.71428585      0.170672193    
  0.739239872       5.71428585      0.165681183    
  0.719850242       5.71428585      0.160659671    
  0.700490355       5.71428585      0.155608192    
  0.681159556       5.71428585      0.150527656    
  0.661856711       5.71428585      0.145419091    
  0.642580926       5.71428585      0.140284017    
  0.623331189       5.71428585      0.135124162    
  0.604106247       5.71428585      0.129941642    
  0.584904790       5.71428585      0.124738850    
  0.565725446       5.71428585      0.119518638    
  0.546566784       5.71428585      0.114284143    
  0.527426958       5.71428585      0.109038889    
  0.508304358       5.71428585      0.103786878    
  0.489196926       5.71428585       9.85324681E-02
  0.470102489       5.71428585       9.32804793E-02
  0.451018661       5.71428585       8.80363062E-02
  0.431942910       5.71428585       8.28058124E-02
  0.412872374       5.71428585       7.75954872E-02
  0.393803895       5.71428585       7.24124238E-02
  0.375063896       5.71428585       6.72860444E-02
  0.356348485       5.71428585       6.21011928E-02
  0.337651044       5.71428585       5.68670481E-02
  0.318964183       5.71428585       5.15936837E-02
  0.300279737       5.71428585       4.62923348E-02
  0.281588674       5.71428585       4.09756415E-02
  0.262880713       5.71428585       3.56579274E-02
  0.244144276       5.71428585       3.03556789E-02
  0.225366130       5.71428585       2.50881277E-02
  0.206530824       5.71428585       1.98781043E-02
  0.187620193       5.71428585       1.47534497E-02
  0.168612197       5.71428585       9.74877179E-03
  0.149479479       5.71428585       4.90870513E-03
  0.130186751       5.71428585       2.93118879E-04
  0.110686161       5.71428585      -4.01351973E-03
   9.09083709E-02   5.71428585      -7.88345188E-03
   7.07425922E-02   5.71428585      -1.11039886E-02
   4.99825850E-02   5.71428585      -1.32630020E-02
   2.81170197E-02   5.71428585      -1.32989231E-02
   0.00000000       5.71428585       0.00000000    
   9.10316408E-03   5.71428585       2.98970528E-02
   2.45477632E-02   5.71428585       4.60695103E-02
   4.11878973E-02   5.71428585       5.97291291E-02
   5.85122444E-02   5.71428585       7.19374716E-02
   7.63145536E-02   5.71428585       8.31066743E-02
   9.44840610E-02   5.71428585       9.34494212E-02
  0.112951398       5.71428585      0.103093483    
  0.131668732       5.71428585      0.112123311    
  0.150600761       5.71428585      0.120598763    
  0.169720113       5.71428585      0.128564507    
  0.189004824       5.71428585      0.136055142    
  0.208436623       5.71428585      0.143098488    
  0.228000134       5.71428585      0.149717391    
  0.247682124       5.71428585      0.155931085    
  0.267470926       5.71428585      0.161756039    
  0.287356406       5.71428585      0.167206615    
  0.307329446       5.71428585      0.172295421    
  0.327381819       5.71428585      0.177033663    
  0.347506255       5.71428585      0.181431472    
  0.367696047       5.71428585      0.185498014    
  0.387622386       5.71428585      0.189226389    
  0.407586634       5.71428585      0.192754269    
  0.427585632       5.71428585      0.196088761    
  0.447616577       5.71428585      0.199236363    
  0.467676938       5.71428585      0.202202931    
  0.487764239       5.71428585      0.204993829    
  0.507876337       5.71428585      0.207613915    
  0.528011322       5.71428585      0.210067540    
  0.548167408       5.71428585      0.212358713    
  0.568342686       5.71428585      0.214490920    
  0.588536084       5.71428585      0.216467381    
  0.608745754       5.71428585      0.218290865    
  0.628970683       5.71428585      0.219963774    
  0.649209619       5.71428585      0.221488267    
  0.669461489       5.71428585      0.222866029    
  0.689725280       5.71428585      0.224098578    
  0.710000098       5.71428585      0.225187019    
  0.730285108       5.71428585      0.226132154    
  0.750579476       5.71428585      0.226934582    
  0.770882487       5.71428585      0.227594465    
  0.791193545       5.71428585      0.228111789    
  0.811511815       5.71428585      0.228486180    
  0.831836879       5.71428585      0.228717074    
  0.852167964       5.71428585      0.228803530    
  0.872504592       5.71428585      0.228744403    
  0.892846286       5.71428585      0.228538275    
  0.913192332       5.71428585      0.228183419    
  0.933542192       5.71428585      0.227677837    
  0.953895390       5.71428585      0.227019370    
  0.974251330       5.71428585      0.226205468    
  0.974488795       6.85714340      0.223696649    
  0.954690099       6.85714340      0.218994737    
  0.934928775       6.85714340      0.214275032    
  0.915204048       6.85714340      0.209535003    
  0.895515561       6.85714340      0.204772457    
  0.875862598       6.85714340      0.199985415    
  0.856244683       6.85714340      0.195172191    
  0.836661160       6.85714340      0.190331295    
  0.817111671       6.85714340      0.185461625    
  0.797595263       6.85714340      0.180562258    
  0.778111637       6.85714340      0.175632536    
  0.758660078       6.85714340      0.170672193    
  0.739239872       6.85714340      0.165681183    
  0.719850242       6.85714340      0.160659671    
  0.700490355       6.85714340      0.155608192    
  0.681159556       6.85714340      0.150527656    
  0.661856711       6.85714340      0.145419091    
  0.642580926       6.85714340      0.140284017    
  0.623331189       6.85714340      0.135124162    
  0.604106247       6.85714340      0.129941642    
  0.584904790       6.85714340      0.124738850    
  0.565725446       6.85714340      0.119518638    
  0.546566784       6.85714340      0.114284143    
  0.527426958       6.85714340      0.109038889    
  0.508304358       6.85714340      0.103786878    
  0.489196926       6.85714340       9.85324681E-02
  0.470102489       6.85714340       9.32804793E-02
  0.451018661       6.85714340       8.80363062E-02
  0.431942910       6.85714340       8.28058124E-02
  0.412872374       6.85714340       7.75954872E-02
  0.393803895       6.85714340       7.24124238E-02
  0.375063896       6.85714340       6.72860444E-02
  0.356348485       6.85714340       6.21011928E-02
  0.337651044       6.85714340       5.68670481E-02
  0.318964183       6.85714340       5.15936837E-02
  0.300279737       6.85714340       4.62923348E-02
  0.281588674       6.85714340       4.09756415E-02
  0.262880713       6.85714340       3.56579274E-02
  0.244144276       6.85714340       3.03556789E-02
  0.225366130       6.85714340       2.50881277E-02
  0.206530824       6.85714340       1.98781043E-02
  0.187620193       6.85714340       1.47534497E-02
  0.168612197       6.85714340       9.74877179E-03
  0.149479479       6.85714340       4.90870513E-03
  0.130186751       6.85714340       2.93118879E-04
  0.110686161       6.85714340      -4.01351973E-03
   9.09083709E-02   6.85714340      -7.88345188E-03
   7.07425922E-02   6.85714340      -1.11039886E-02
   4.99825850E-02   6.85714340      -1.32630020E-02
   2.81170197E-02   6.85714340      -1.32989231E-02
   0.00000000       6.85714340       0.00000000    
   9.10316408E-03   6.85714340       2.98970528E-02
   2.45477632E-02   6.85714340       4.60695103E-02
   4.11878973E-02   6.85714340       5.97291291E-02
   5.85122444E-02   6.85714340       7.19374716E-02
   7.63145536E-02   6.85714340       8.31066743E-02
   9.44840610E-02   6.85714340       9.34494212E-02
  0.112951398       6.85714340      0.103093483    
  0.131668732       6.85714340      0.112123311    
  0.150600761       6.85714340      0.120598763    
  0.169720113       6.85714340      0.128564507    
  0.189004824       6.85714340      0.136055142    
  0.208436623       6.85714340      0.143098488    
  0.228000134       6.85714340      0.149717391    
  0.247682124       6.85714340      0.155931085    
  0.267470926       6.85714340      0.161756039    
  0.287356406       6.85714340      0.167206615    
  0.307329446       6.85714340      0.172295421    
  0.327381819       6.85714340      0.177033663    
  0.347506255       6.85714340      0.181431472    
  0.367696047       6.85714340      0.185498014    
  0.387622386       6.85714340      0.189226389    
  0.407586634       6.85714340      0.192754269    
  0.427585632       6.85714340      0.196088761    
  0.447616577       6.85714340      0.199236363    
  0.467676938       6.85714340      0.202202931    
  0.487764239       6.85714340      0.204993829    
  0.507876337       6.85714340      0.207613915    
  0.528011322       6.85714340      0.210067540    
  0.548167408       6.85714340      0.212358713    
  0.568342686       6.85714340      0.214490920    
  0.588536084       6.85714340      0.216467381    
  0.608745754       6.85714340      0.218290865    
  0.628970683       6.85714340      0.219963774    
  0.649209619       6.85714340      0.221488267    
  0.669461489       6.85714340      0.222866029    
  0.689725280       6.85714340      0.224098578    
  0.710000098       6.85714340      0.225187019    
  0.730285108       6.85714340      0.226132154    
  0.750579476       6.85714340      0.226934582    
  0.770882487       6.85714340      0.227594465    
  0.791193545       6.85714340      0.228111789    
  0.811511815       6.85714340      0.228486180    
  0.831836879       6.85714340      0.228717074    
  0.852167964       6.85714340      0.228803530    
  0.872504592       6.85714340      0.228744403    
  0.892846286       6.85714340      0.228538275    
  0.913192332       6.85714340      0.228183419    
  0.933542192       6.85714340      0.227677837    
  0.953895390       6.85714340      0.227019370    
  0.974251330       6.85714340      0.226205468    
  0.974488795       8.00000000      0.223696649    
  0.954690099       8.00000000      0.218994737    
  0.934928775       8.00000000      0.214275032    
  0.915204048       8.00000000      0.209535003    
  0.895515561       8.00000000      0.204772457    
  0.875862598       8.00000000      0.199985415    
  0.856244683       8.00000000      0.195172191    
  0.836661160       8.00000000      0.190331295    
  0.817111671       8.00000000      0.185461625    
  0.797595263       8.00000000      0.180562258    
  0.778111637       8.00000000      0.175632536    
  0.758660078       8.00000000      0.170672193    
  0.739239872       8.00000000      0.165681183    
  0.719850242       8.00000000      0.160659671    
  0.700490355       8.00000000      0.155608192    
  0.681159556       8.00000000      0.150527656    
  0.661856711       8.00000000      0.145419091    
  0.642580926       8.00000000      0.140284017    
  0.623331189       8.00000000      0.135124162    
  0.604106247       8.00000000      0.129941642    
  0.584904790       8.00000000      0.124738850    
  0.565725446       8.00000000      0.119518638    
  0.546566784       8.00000000      0.114284143    
  0.527426958       8.00000000      0.109038889    
  0.508304358       8.00000000      0.103786878    
  0.489196926       8.00000000       9.85324681E-02
  0.470102489       8.00000000       9.32804793E-02
  0.451018661       8.00000000       8.80363062E-02
  0.431942910       8.00000000       8.28058124E-02
  0.412872374       8.00000000       7.75954872E-02
  0.393803895       8.00000000       7.24124238E-02
  0.375063896       8.00000000       6.72860444E-02
  0.356348485       8.00000000       6.21011928E-02
  0.337651044       8.00000000       5.68670481E-02
  0.318964183       8.00000000       5.15936837E-02
  0.300279737       8.00000000       4.62923348E-02
  0.281588674       8.00000000       4.09756415E-02
  0.262880713       8.00000000       3.56579274E-02
  0.244144276       8.00000000       3.03556789E-02
  0.225366130       8.00000000       2.50881277E-02
  0.206530824       8.00000000       1.98781043E-02
  0.187620193       8.00000000       1.47534497E-02
  0.168612197       8.00000000       9.74877179E-03
  0.149479479       8.00000000       4.90870513E-03
  0.130186751       8.00000000       2.93118879E-04
  0.110686161       8.00000000      -4.01351973E-03
   9.09083709E-02   8.00000000      -7.88345188E-03
   7.07425922E-02   8.00000000      -1.11039886E-02
   4.99825850E-02   8.00000000      -1.32630020E-02
   2.81170197E-02   8.00000000      -1.32989231E-02
   0.00000000       8.00000000       0.00000000    
   9.10316408E-03   8.00000000       2.98970528E-02
   2.45477632E-02   8.00000000       4.60695103E-02
   4.11878973E-02   8.00000000       5.97291291E-02
   5.85122444E-02   8.00000000       7.19374716E-02
   7.63145536E-02   8.00000000       8.31066743E-02
   9.44840610E-02   8.00000000       9.34494212E-02
  0.112951398       8.00000000      0.103093483    
  0.131668732       8.00000000      0.112123311    
  0.150600761       8.00000000      0.120598763    
  0.169720113       8.00000000      0.128564507    
  0.189004824       8.00000000      0.136055142    
  0.208436623       8.00000000      0.143098488    
  0.228000134       8.00000000      0.149717391    
  0.247682124       8.00000000      0.155931085    
  0.267470926       8.00000000      0.161756039    
  0.287356406       8.00000000      0.167206615    
  0.307329446       8.00000000      0.172295421    
  0.327381819       8.00000000      0.177033663    
  0.347506255       8.00000000      0.181431472    
  0.367696047       8.00000000      0.185498014    
  0.387622386       8.00000000      0.189226389    
  0.407586634       8.00000000      0.192754269    
  0.427585632       8.00000000      0.196088761    
  0.447616577       8.00000000      0.199236363    
  0.467676938       8.00000000      0.202202931    
  0.487764239       8.00000000      0.204993829    
  0.507876337       8.00000000      0.207613915    
  0.528011322       8.00000000      0.210067540    
  0.548167408       8.00000000      0.212358713    
  0.568342686       8.00000000      0.214490920    
  0.588536084       8.00000000      0.216467381    
  0.608745754       8.00000000      0.218290865    
  0.628970683       8.00000000      0.219963774    
  0.649209619       8.00000000      0.221488267    
  0.669461489       8.00000000      0.222866029    
  0.689725280       8.00000000      0.224098578    
  0.710000098       8.00000000      0.225187019    
  0.730285108       8.00000000      0.226132154    
  0.750579476       8.00000000      0.226934582    
  0.770882487       8.00000000      0.227594465    
  0.791193545       8.00000000      0.228111789    
  0.811511815       8.00000000      0.228486180    
  0.831836879       8.00000000      0.228717074    
  0.852167964       8.00000000      0.228803530    
  0.872504592       8.00000000      0.228744403    
  0.892846286       8.00000000      0.228538275    
  0.913192332       8.00000000      0.228183419    
  0.933542192       8.00000000      0.227677837    
  0.953895390       8.00000000      0.227019370    
  0.974251330       8.00000000      0.226205468    
