S.Span: 0.50 Avg.Chord: 0.20
Alpha:  5.0 Phi:  0.0 H.G.: 1000.0
 Lambda vs. CL
  -55.8633842      0.238871396    
  -54.4309921      0.244984642    
  -52.9986000      0.251560658    
  -51.5662041      0.257600248    
  -50.1338120      0.263550043    
  -48.7014198      0.269837558    
  -47.2690277      0.275004297    
  -45.8366318      0.280303687    
  -44.4042435      0.285454988    
  -42.9718475      0.290083468    
  -41.5394554      0.295160472    
  -40.1070633      0.299228787    
  -38.6746674      0.303721577    
  -37.2422752      0.308028072    
  -35.8098793      0.311540127    
  -34.3774872      0.314660639    
  -32.9450951      0.318364143    
  -31.5127029      0.321158141    
  -30.0803108      0.324578971    
  -28.6479149      0.328244597    
  -27.2155209      0.330134124    
  -25.7831268      0.332717717    
  -24.3507328      0.335111022    
  -22.9183388      0.337018758    
  -21.4859428      0.339107931    
  -20.0535469      0.340880066    
  -18.6211529      0.343167484    
  -17.1887569      0.345262438    
  -15.7563629      0.345282972    
  -14.3239689      0.348168135    
  -12.8915730      0.348758042    
  -11.4591789      0.349408150    
  -10.0267839      0.350540012    
  -8.59438896      0.351129979    
  -7.16199493      0.352046967    
  -5.72960043      0.352871656    
  -4.29720592      0.353114009    
  -2.86481142      0.353513122    
  -1.43241692      0.353427291    
  -2.24115574E-05  0.354506463    
   1.43237197      0.353823304    
   2.86476636      0.354019016    
   4.29716110      0.352981448    
   5.72955513      0.351906508    
   7.16194963      0.352240294    
   8.59434414      0.351471275    
   10.0267391      0.350817084    
   11.4591341      0.349822909    
   12.8915281      0.348888129    
   14.3239222      0.348510295    
   15.7563171      0.346880674    
   17.1887112      0.346056551    
   18.6211071      0.343027055    
   20.0535011      0.341946632    
   21.4858971      0.340132594    
   22.9182911      0.337985456    
   24.3506870      0.336135954    
   25.7830811      0.333477825    
   27.2154751      0.331526160    
   28.6478691      0.329343498    
   30.0802631      0.325753719    
   31.5126591      0.322640955    
   32.9450493      0.319399297    
   34.3774452      0.316252500    
   35.8098373      0.312655002    
   37.2422295      0.309100419    
   38.6746216      0.304898441    
   40.1070137      0.300696224    
   41.5394096      0.295944005    
   42.9718056      0.291697890    
   44.4041939      0.286785096    
   45.8365898      0.281709254    
   47.2689819      0.276618630    
   48.7013779      0.270356804    
   50.1337662      0.265132815    
   51.5661621      0.259093642    
   52.9985542      0.252807409    
   54.4309464      0.246351913    
   55.8633385      0.240177900    
   57.2957344      0.232453406    
