S.Span: 0.50 Avg.Chord: 0.20
Alpha:  5.0 Phi:  0.0 H.G.: 1000.0
 Lambda vs. CM
  -54.4309883     -0.264361054    
  -51.5662003     -0.244809836    
  -48.7014122     -0.226027593    
  -45.8366165     -0.206803873    
  -42.9718285     -0.188039020    
  -40.1070404     -0.169346899    
  -37.2422523     -0.151039481    
  -34.3774605     -0.132418692    
  -31.5126705     -0.114181124    
  -28.6478825      -9.59284157E-02
  -25.7830925      -7.76441246E-02
  -22.9183044      -5.96769340E-02
  -20.0535145      -4.15726416E-02
  -17.1887245      -2.35385410E-02
  -14.3239346      -5.56448614E-03
  -11.4591455       1.20516010E-02
  -8.59435749       2.98347175E-02
  -5.72956848       4.79557142E-02
  -2.86478019       6.56917766E-02
   8.96462279E-06   8.39666203E-02
   2.86479807      0.101823650    
   5.72958708      0.118893430    
   8.59437561      0.137551636    
   11.4591637      0.155773789    
   14.3239527      0.174808502    
   17.1887436      0.193679556    
   20.0535316      0.211487114    
   22.9183216      0.230426893    
   25.7831116      0.249652520    
   28.6478977      0.269879818    
   31.5126877      0.288562298    
   34.3774796      0.308268666    
   37.2422676      0.328193009    
   40.1070557      0.347822130    
   42.9718475      0.367920429    
   45.8366356      0.387985498    
   48.7014275      0.407417268    
   51.5662155      0.427972347    
   54.4310036      0.448001236    
   57.2957916      0.467803836    
