S.Span: 1.41 Avg.Chord: 1.00
Alpha:  0.0 Phi:  0.0 H.G.: 1000.0
 Lambda vs. CD
  -55.8633842       6.70377398E-03
  -54.4309921       6.88146288E-03
  -52.9986000       7.05186045E-03
  -51.5662041       7.21527077E-03
  -50.1338120       7.37191504E-03
  -48.7014198       7.52199162E-03
  -47.2690277       7.66570074E-03
  -45.8366318       7.80324126E-03
  -44.4042435       7.93475471E-03
  -42.9718475       8.06041900E-03
  -41.5394554       8.18039384E-03
  -40.1070633       8.29478633E-03
  -38.6746674       8.40375107E-03
  -37.2422752       8.50739703E-03
  -35.8098793       8.60582571E-03
  -34.3774872       8.69912840E-03
  -32.9450951       8.78739264E-03
  -31.5127029       8.87073297E-03
  -30.0803108       8.94914102E-03
  -28.6479149       9.02269408E-03
  -27.2155209       9.09146480E-03
  -25.7831268       9.15545970E-03
  -24.3507328       9.21469741E-03
  -22.9183388       9.26923286E-03
  -21.4859428       9.31899808E-03
  -20.0535469       9.36404243E-03
  -18.6211529       9.40431934E-03
  -17.1887569       9.43982881E-03
  -15.7563629       9.47051123E-03
  -14.3239689       9.49634612E-03
  -12.8915730       9.51724127E-03
  -11.4591789       9.53319576E-03
  -10.0267839       9.54407174E-03
  -8.59438896       9.54981614E-03
  -7.16199493       9.55034606E-03
  -5.72960043       9.54552181E-03
  -4.29720592       9.53525677E-03
  -2.86481142       9.51940008E-03
  -1.43241692       9.49781388E-03
  -2.24115574E-05   9.47036128E-03
   1.43237197       9.43685789E-03
   2.86476636       9.39714909E-03
   4.29716110       9.35100764E-03
   5.72955513       9.29822959E-03
   7.16194963       9.23862029E-03
   8.59434414       9.17191617E-03
   10.0267391       9.09785740E-03
   11.4591341       9.01618041E-03
   12.8915281       8.92661419E-03
   14.3239222       8.82882439E-03
   15.7563171       8.72248504E-03
   17.1887112       8.60728696E-03
   18.6211071       8.48286320E-03
   20.0535011       8.34883098E-03
   21.4858971       8.20483547E-03
   22.9182911       8.05047620E-03
   24.3506870       7.88534619E-03
   25.7830811       7.70907430E-03
   27.2154751       7.52124330E-03
   28.6478691       7.32150162E-03
   30.0802631       7.10949022E-03
   31.5126591       6.88486174E-03
   32.9450493       6.64740382E-03
   34.3774452       6.39684731E-03
   35.8098373       6.13313913E-03
   37.2422295       5.85624063E-03
   38.6746216       5.56629663E-03
   40.1070137       5.26361214E-03
   41.5394096       4.94871615E-03
   42.9718056       4.62234160E-03
   44.4041939       4.28552367E-03
   45.8365898       3.93960439E-03
   47.2689819       3.58627457E-03
   48.7013779       3.22756963E-03
   50.1337662       2.86593242E-03
   51.5661621       2.50417250E-03
   52.9985542       2.14544148E-03
   54.4309464       1.79326220E-03
   55.8633385       1.45133061E-03
   57.2957344       1.12354418E-03
