S.Span: 1.40 Avg.Chord: 1.00
Alpha:  0.0 Phi:  0.0 H.G.: 1000.0
 Phi vs. CM
   1.14591551      0.163177341    
   2.29183102      0.163388535    
   3.43774676      0.163212180    
   4.58366203      0.163559794    
   5.72957706      0.163229227    
   6.87549305      0.163604975    
   8.02140808      0.163581446    
   9.16732407      0.163510993    
   10.3132391      0.163304344    
   11.4591541      0.163140699    
   12.6050692      0.162703589    
   13.7509842      0.162725106    
   14.8968992      0.162397832    
   16.0428162      0.162156492    
   17.1887321      0.161768168    
   18.3346481      0.161333129    
   19.4805641      0.160958573    
   20.6264801      0.160368592    
   21.7723961      0.159755334    
   22.9183140      0.159086719    
   24.0642281      0.158491850    
   25.2101460      0.157766640    
   26.3560619      0.156869993    
   27.5019779      0.156170934    
   28.6478920      0.155289084    
   29.7938061      0.154311731    
   30.9397221      0.153224766    
   32.0856361      0.151990503    
   33.2315483      0.150681943    
   34.3774643      0.149391040    
   35.5233803      0.147973746    
   36.6692963      0.146452755    
   37.8152084      0.144803956    
   38.9611206      0.143132657    
   40.1070366      0.141408086    
   41.2529526      0.139674768    
   42.3988647      0.137897879    
   43.5447807      0.136111215    
   44.6906967      0.134148538    
   45.8366089      0.132294729    
   46.9825249      0.130371794    
   48.1284370      0.128448486    
   49.2743492      0.126427680    
   50.4202690      0.124391995    
   51.5661812      0.122405149    
   52.7120972      0.120455839    
   53.8580093      0.118318446    
   55.0039253      0.116233826    
   56.1498413      0.114155278    
   57.2957535      0.111976527    
   58.4416695      0.109993078    
