Alpha:  5.2
    qh(i,j,1) qh(i,j,2) CdP(i,j) : Pressure difference coefficient of panel
     0.009     1.000     1.93307
     0.027     1.000     1.33903
     0.045     1.000     1.22849
     0.064     1.000     1.15347
     0.082     1.000     1.04631
     0.100     1.000     0.91604
     0.118     1.000     0.82059
     0.136     1.000     0.72787
     0.155     1.000     0.62626
     0.173     1.000     0.50448
     0.191     1.000     0.33918
     0.009     3.000     2.03791
     0.027     3.000     1.38972
     0.045     3.000     1.26496
     0.064     3.000     1.18237
     0.082     3.000     1.07012
     0.100     3.000     0.93600
     0.118     3.000     0.83738
     0.136     3.000     0.74183
     0.155     3.000     0.63756
     0.173     3.000     0.51308
     0.191     3.000     0.34466
     0.009     5.000     2.05258
     0.027     5.000     1.39678
     0.045     5.000     1.27001
     0.064     5.000     1.18634
     0.082     5.000     1.07337
     0.100     5.000     0.93872
     0.118     5.000     0.83965
     0.136     5.000     0.74371
     0.155     5.000     0.63908
     0.173     5.000     0.51422
     0.191     5.000     0.34538
     0.009     7.000     2.03791
     0.027     7.000     1.38972
     0.045     7.000     1.26496
     0.064     7.000     1.18237
     0.082     7.000     1.07012
     0.100     7.000     0.93600
     0.118     7.000     0.83738
     0.136     7.000     0.74183
     0.155     7.000     0.63756
     0.173     7.000     0.51308
     0.191     7.000     0.34466
     0.009     9.000     1.93307
     0.027     9.000     1.33903
     0.045     9.000     1.22849
     0.064     9.000     1.15347
     0.082     9.000     1.04631
     0.100     9.000     0.91604
     0.118     9.000     0.82059
     0.136     9.000     0.72787
     0.155     9.000     0.62626
     0.173     9.000     0.50448
     0.191     9.000     0.33918
