S.Span: 0.50 Avg.Chord: 0.20
Lambda: 45.0 Phi  0.0 H.G.: 1000.0
 Alpha vs. CL
   1.14591551       6.93723559E-02
   2.29183102      0.137695640    
   3.43774676      0.206286192    
   4.58366203      0.275409907    
   5.72957706      0.343747109    
   6.87549305      0.412678003    
   8.02140808      0.480742663    
   9.16732407      0.548871815    
   10.3132391      0.616887748    
   11.4591541      0.684642673    
   12.6050692      0.752043784    
   13.7509842      0.819162071    
   14.8968992      0.886356890    
   16.0428162      0.953339040    
   17.1887321       1.01899409    
   18.3346481       1.08492899    
   19.4805641       1.15065646    
   20.6264801       1.21559179    
   21.7723961       1.28015792    
   22.9183140       1.34432340    
   24.0642281       1.40792179    
   25.2101460       1.47108841    
   26.3560619       1.53367078    
   27.5019779       1.59569383    
   28.6478920       1.65723741    
   29.7938061       1.71787333    
   30.9397221       1.77838814    
   32.0856361       1.83760321    
   33.2315483       1.89644086    
   34.3774643       1.95474279    
   35.5233803       2.01216269    
   36.6692963       2.06890869    
   37.8152084       2.12504768    
