S.Span: 0.50 Avg.Chord: 0.20
Lambda: 45.0 Phi:  0.0 H.G.: 1000.0
 Alpha vs. CM
  0.572957754       3.98704559E-02
   1.14591551       8.09560791E-02
   1.71887338      0.120677784    
   2.29183102      0.160592049    
   2.86478853      0.200634167    
   3.43774652      0.240333095    
   4.01070404      0.280279666    
   4.58366203      0.320436567    
   5.15661955      0.359279037    
   5.72957706      0.399229556    
   6.30253458      0.438502669    
   6.87549210      0.478140801    
   7.44844961      0.516536653    
   8.02140808      0.555638194    
   8.59436607      0.593754828    
   9.16732407      0.632488847    
   9.74028206      0.670188427    
   10.3132401      0.708418250    
   10.8861980      0.746172786    
   11.4591570      0.783235550    
   12.0321140      0.820263088    
   12.6050730      0.856693625    
   13.1780310      0.893046319    
   13.7509890      0.928899467    
   14.3239460      0.964522839    
   14.8969030      0.999890864    
   15.4698610       1.03457439    
   16.0428181       1.06952238    
   16.6157742       1.10297179    
   17.1887321       1.13630807    
   17.7616901       1.16982543    
   18.3346481       1.20222485    
   18.9076042       1.23473895    
   19.4805603       1.26639521    
   20.0535183       1.29747748    
   20.6264763       1.32819438    
   21.1994324       1.35827017    
   21.7723904       1.38793361    
   22.3453484       1.41716647    
   22.9183044       1.44554567    
   23.4912624       1.47321248    
