S.Span: 0.50 Avg.Chord: 0.20
Lambda: 45.0 Phi:  0.0 H.G.: 1000.0
 Alpha vs. CD
  0.572957754       7.01695899E-05
   1.14591551       2.89352029E-04
   1.71887338       6.43913751E-04
   2.29183102       1.13946316E-03
   2.86478853       1.77978014E-03
   3.43774652       2.55554775E-03
   4.01070404       3.47805279E-03
   4.58366203       4.55021160E-03
   5.15661955       5.72647853E-03
   5.72957706       7.07942853E-03
   6.30253458       8.55592266E-03
   6.87549210       1.01776756E-02
   7.44844961       1.19022802E-02
   8.02140808       1.37963360E-02
   8.59436607       1.57731697E-02
   9.16732407       1.79438312E-02
   9.74028206       2.01889668E-02
   10.3132401       2.26058401E-02
   10.8861980       2.51397304E-02
   11.4591570       2.77687125E-02
   12.0321140       3.05428021E-02
   12.6050730       3.34000699E-02
   13.1780310       3.63993980E-02
   13.7509890       3.95066626E-02
   14.3239460       4.27188314E-02
   14.8969030       4.60643284E-02
   15.4698610       4.94783595E-02
   16.0428181       5.30698597E-02
   16.6157742       5.66468760E-02
   17.1887321       6.03476614E-02
   17.7616901       6.42327666E-02
   18.3346481       6.81056380E-02
   18.9076042       7.21618533E-02
   19.4805603       7.62382597E-02
   20.0535183       8.03761110E-02
   20.6264763       8.46458375E-02
   21.1994324       8.89432132E-02
   21.7723904       9.33390930E-02
   22.3453484       9.78046209E-02
   22.9183044      0.102308437    
   23.4912624      0.106827013    
