S.Span: 0.50 Avg.Chord: 0.20
Alpha:  5.0 Phi:  0.0 H.G.: 1000.0
 Lambda vs. CM
  -54.4309883     -0.214685380    
  -51.5662003     -0.197165892    
  -48.7014122     -0.180431128    
  -45.8366165     -0.163911223    
  -42.9718285     -0.147098377    
  -40.1070404     -0.130807281    
  -37.2422523     -0.114368446    
  -34.3774605      -9.81358886E-02
  -31.5126705      -8.17158520E-02
  -28.6478825      -6.55842796E-02
  -25.7830925      -4.94675487E-02
  -22.9183044      -3.35841849E-02
  -20.0535145      -1.76925231E-02
  -17.1887245      -1.84745388E-03
  -14.3239346       1.38129946E-02
  -11.4591455       2.95249019E-02
  -8.59435749       4.51553911E-02
  -5.72956848       6.06505424E-02
  -2.86478019       7.61937425E-02
   8.96462279E-06   9.19238180E-02
   2.86479807      0.107530214    
   5.72958708      0.123173311    
   8.59437561      0.138875738    
   11.4591637      0.154383928    
   14.3239527      0.170305088    
   17.1887436      0.186205044    
   20.0535316      0.202111349    
   22.9183216      0.218536556    
   25.7831116      0.234941781    
   28.6478977      0.251930982    
   31.5126877      0.268214494    
   34.3774796      0.284705251    
   37.2422676      0.302402794    
   40.1070557      0.319512874    
   42.9718475      0.336835146    
   45.8366356      0.354135722    
   48.7014275      0.371504694    
   51.5662155      0.389487654    
   54.4310036      0.406052649    
   57.2957916      0.423375219    
