S.Span: 1.41 Avg.Chord: 1.00
Lambda: 53.5 Phi:  0.0 H.G.: 1000.0
 Alpha vs. CM
  0.572957754       3.02079041E-02
   1.14591551       6.05595261E-02
   1.71887338       9.06498879E-02
   2.29183102      0.120892338    
   2.86478853      0.151003003    
   3.43774652      0.181137010    
   4.01070404      0.211096942    
   4.58366203      0.241074532    
   5.15661955      0.270809382    
   5.72957706      0.300534338    
   6.30253458      0.330193579    
   6.87549210      0.359612375    
   7.44844961      0.389069796    
   8.02140808      0.418135881    
   8.59436607      0.447079688    
   9.16732407      0.475991666    
   9.74028206      0.504608452    
   10.3132401      0.533041954    
   10.8861980      0.561206937    
   11.4591570      0.589302361    
   12.0321140      0.617045343    
   12.6050730      0.644653022    
   13.1780310      0.671896458    
   13.7509890      0.698866487    
   14.3239460      0.725695491    
   14.8969030      0.752161622    
   15.4698610      0.778203785    
   16.0428181      0.804259181    
   16.6157742      0.829710484    
   17.1887321      0.854919553    
   17.7616901      0.879793763    
   18.3346481      0.904302835    
   18.9076042      0.928448677    
   19.4805603      0.952365816    
   20.0535183      0.975518227    
   20.6264763      0.998782873    
   21.1994324       1.02149570    
   21.7723904       1.04377031    
   22.3453484       1.06560183    
   22.9183044       1.08699286    
   23.4912624       1.10807157    
